time_stamp	px_state	py_state	v_state	yaw_angle_state	yaw_rate_state	sensor_type	NIS	px_measured	py_measured	px_ground_truth	py_ground_truth	vx_ground_truth	vy_ground_truth
1477010443000000	0.312243	0.58034	0	0	0	lidar	6.94429e-310	0.312243	0.58034	0.6	0.6	5.19994	0
1477010443050000	0.733497	0.62764	7.2482	-2.85165e-17	-4.52036e-17	radar	73.5871	0.862916	0.534212	0.859997	0.600045	5.19975	0.00179686
1477010443100000	1.16047	0.494986	7.2516	-0.128394	-0.00926578	lidar	0.222168	1.17385	0.481073	1.11998	0.600225	5.19943	0.00538996
1477010443150000	1.25832	0.533893	7.23542	0.11629	0.0353175	radar	1.8328	0.969149	0.397513	1.37996	0.600629	5.19898	0.0107781
1477010443200000	1.61714	0.596282	7.25002	0.154012	0.0447708	lidar	0.155879	1.65063	0.62469	1.6399	0.601347	5.19839	0.0179597
1477010443250000	1.85401	0.56399	5.96207	0.0172518	-0.255622	radar	6.74991	1.62331	0.499091	1.89982	0.60247	5.19766	0.0269323
1477010443300000	2.16323	0.59351	5.96176	0.0292347	-0.209723	lidar	0.235762	2.18882	0.648739	2.1597	0.604086	5.19678	0.0376932
1477010443350000	2.38074	0.640839	5.50872	0.0511703	-0.290652	radar	5.00684	1.96701	0.557117	2.41954	0.606284	5.19573	0.0502389
1477010443400000	2.65382	0.658516	5.50742	0.04018	-0.278241	lidar	0.00348694	2.65526	0.66598	2.67932	0.609155	5.1945	0.0645654
1477010443450000	2.92197	0.653913	5.45651	-0.001729	-0.389568	radar	0.113907	2.92034	0.645898	2.93904	0.612786	5.19309	0.080668
1477010443500000	3.15378	0.652339	5.40198	-0.00949663	-0.346834	lidar	1.14263	3.01222	0.637046	3.19869	0.617267	5.19147	0.0985415
1477010443550000	3.44484	0.549183	5.48207	-0.167535	-0.78183	radar	1.44394	3.56096	0.485311	3.45825	0.622685	5.18963	0.11818
1477010443600000	3.75099	0.434333	5.58437	-0.301073	-1.04995	lidar	2.19053	3.89365	0.311793	3.71772	0.62913	5.18754	0.139576
1477010443650000	4.02686	0.517851	5.55318	-0.150422	-0.508293	radar	3.99064	4.19786	0.698311	3.97708	0.636689	5.18519	0.162724
1477010443700000	4.29907	0.51029	5.51845	-0.140739	-0.425343	lidar	0.31629	4.30935	0.578564	4.23632	0.645449	5.18256	0.187614
1477010443750000	4.55424	0.55391	5.35033	-0.0857215	-0.25881	radar	1.62794	4.61908	0.68951	4.49542	0.655498	5.17962	0.214238
1477010443800000	4.72751	0.67303	5.08872	0.0368788	0.0257291	lidar	11.5247	4.35143	0.899174	4.75437	0.666921	5.17634	0.242587
1477010443850000	4.97971	0.671234	5.00138	0.0274797	0.00523905	radar	0.933037	5.20901	0.66599	5.01315	0.679804	5.1727	0.272649
1477010443900000	5.27911	0.661036	5.09406	0.00965084	-0.0299697	lidar	3.11242	5.51894	0.648233	5.27175	0.694234	5.16867	0.304413
1477010443950000	5.54028	0.667036	5.25948	0.0124798	-0.020366	radar	1.95748	5.22834	0.639362	5.53013	0.710295	5.16422	0.337868
1477010444000000	5.83836	0.679103	5.32169	0.0155701	-0.0141887	lidar	1.84342	6.022	0.708619	5.78828	0.728072	5.15932	0.372999
1477010444050000	6.07994	0.60522	5.13617	-0.0424439	-0.110944	radar	3.33819	5.89392	0.373584	6.04618	0.747647	5.15393	0.409793
1477010444100000	6.33013	0.719618	5.11216	0.03931	0.0292609	lidar	3.61346	6.34249	0.948833	6.30379	0.769103	5.14803	0.448233
1477010444150000	6.57997	0.752562	5.07037	0.0558274	0.0527157	radar	0.263159	6.62134	0.836138	6.5611	0.792523	5.14157	0.488305
1477010444200000	6.82506	0.749589	5.05793	0.0471607	0.0354394	lidar	0.179854	6.78214	0.714036	6.81808	0.817988	5.13452	0.52999
1477010444250000	7.06651	0.732904	4.88464	0.029741	0.00491502	radar	1.7848	7.29121	0.630741	7.07469	0.845578	5.12685	0.573269
1477010444300000	7.27777	0.818814	4.82784	0.0806733	0.0814712	lidar	2.4092	7.13735	0.957217	7.3309	0.875373	5.11851	0.618123
1477010444350000	7.57818	0.829877	5.17649	0.0766473	0.0693014	radar	5.37015	8.08349	0.819605	7.58668	0.907449	5.10946	0.664531
1477010444400000	7.83295	0.805313	5.16839	0.0525222	0.0282344	lidar	0.53981	7.80533	0.719126	7.84199	0.941886	5.09966	0.712469
1477010444450000	8.08064	0.823097	4.99046	0.0557086	0.0293538	radar	2.1713	8.40453	0.884557	8.0968	0.978759	5.08907	0.761915
1477010444500000	8.31578	0.840031	4.96675	0.0592961	0.0326883	lidar	0.244535	8.24796	0.840322	8.35106	1.01814	5.07766	0.812843
1477010444550000	8.5891	0.936055	5.26302	0.109474	0.106553	radar	6.43182	8.45858	1.41118	8.60472	1.06011	5.06537	0.865226
1477010444600000	8.83118	0.997401	5.23262	0.134752	0.136615	lidar	0.580625	8.74615	1.04858	8.85775	1.10473	5.05216	0.919037
1477010444650000	9.12314	1.03977	5.28785	0.143381	0.138715	radar	6.76684	9.8809	1.1419	9.1101	1.15208	5.03798	0.974245
1477010444700000	9.36362	1.07063	5.24989	0.14702	0.134159	lidar	0.64215	9.25579	1.04913	9.36172	1.20223	5.0228	1.03082
1477010444750000	9.64392	1.15257	5.31945	0.177093	0.168941	radar	4.16564	10.1016	1.52474	9.61255	1.25524	5.00656	1.08873
1477010444800000	9.92212	1.28867	5.37466	0.235204	0.243051	lidar	2.52244	10.0484	1.44598	9.86254	1.31118	4.98922	1.14794
1477010444850000	10.1651	1.39163	5.1528	0.27474	0.28864	radar	4.41389	10.5377	1.72555	10.1117	1.37011	4.97074	1.20841
1477010444900000	10.3852	1.46635	5.10725	0.293511	0.295734	lidar	0.984019	10.2492	1.45907	10.3598	1.4321	4.95106	1.2701
1477010444950000	10.6127	1.55689	4.9057	0.322404	0.321511	radar	2.46286	10.9084	1.70343	10.6069	1.49721	4.93014	1.33298
1477010445000000	10.8311	1.57102	4.84574	0.303024	0.26912	lidar	1.4667	10.7313	1.45265	10.853	1.56549	4.90794	1.39701
1477010445050000	11.1014	1.62462	5.03964	0.297404	0.237221	radar	2.7628	11.4783	1.42876	11.0979	1.637	4.8844	1.46213
1477010445100000	11.3846	1.65985	5.08972	0.281135	0.194961	lidar	2.38207	11.587	1.61462	11.3416	1.71179	4.85948	1.52832
1477010445150000	11.6144	1.71502	4.99901	0.284059	0.185831	radar	0.655416	11.4763	1.53917	11.584	1.78992	4.83313	1.59551
1477010445200000	11.8422	1.77338	4.97214	0.28755	0.177252	lidar	0.259083	11.7788	1.74591	11.8251	1.87144	4.80531	1.66366
1477010445250000	12.1009	1.87122	5.16509	0.306497	0.189523	radar	1.42738	12.136	2.14937	12.0647	1.95639	4.77598	1.73273
1477010445300000	12.3482	1.88687	5.12898	0.279914	0.13612	lidar	0.79212	12.3226	1.78353	12.3029	2.04482	4.74508	1.80265
1477010445350000	12.6063	1.94751	5.23922	0.277408	0.120431	radar	0.615385	12.5457	1.77728	12.5394	2.13677	4.71257	1.87338
1477010445400000	12.8069	2.09101	5.19651	0.329903	0.188781	lidar	3.10258	12.5924	2.17509	12.7743	2.23227	4.67842	1.94485
1477010445450000	13.0759	2.20983	5.38678	0.352144	0.204151	radar	2.42722	13.2198	2.6644	13.0075	2.33137	4.64258	2.01701
1477010445500000	13.2826	2.35504	5.34602	0.396964	0.255078	lidar	2.3199	13.0875	2.40708	13.2388	2.43409	4.605	2.08981
1477010445550000	13.4519	2.51332	5.01746	0.457887	0.336431	radar	10.5497	12.7087	3.12439	13.4682	2.54047	4.56565	2.16317
1477010445600000	13.7025	2.61812	5.05613	0.46602	0.323591	lidar	0.953156	13.836	2.62479	13.6955	2.65053	4.52448	2.23703
1477010445650000	13.9211	2.73417	5.03855	0.483946	0.326602	radar	0.0986394	13.8302	2.73893	13.9208	2.7643	4.48147	2.31134
1477010445700000	14.1497	2.88472	5.08072	0.5158	0.349187	lidar	0.411122	14.2106	2.94205	14.1439	2.88179	4.43656	2.38601
1477010445750000	14.4023	3.00235	5.28205	0.515411	0.314406	radar	1.40182	14.5568	2.87021	14.3646	3.00303	4.38974	2.46099
1477010445800000	14.6128	3.05338	5.16837	0.492314	0.257825	lidar	2.60541	14.4616	2.90734	14.583	3.12802	4.34097	2.5362
1477010445850000	14.8431	3.2225	5.30838	0.525558	0.284076	radar	3.20771	14.6754	3.96041	14.7989	3.25679	4.29021	2.61157
1477010445900000	15.0549	3.41899	5.35059	0.574961	0.335615	lidar	0.640325	15.0261	3.5067	15.0122	3.38932	4.23744	2.68703
1477010445950000	15.2611	3.5973	5.24124	0.616838	0.380573	radar	2.47085	15.3685	4.14761	15.2228	3.52563	4.18263	2.76249
1477010446000000	15.4768	3.77894	5.28175	0.649008	0.39975	lidar	0.282002	15.5236	3.82936	15.4306	3.66572	4.12575	2.83789
1477010446050000	15.687	3.91415	5.24416	0.655826	0.380889	radar	1.19328	15.7234	3.4105	15.6355	3.80957	4.06678	2.91315
1477010446100000	15.9121	4.04093	5.22555	0.653197	0.349433	lidar	0.379988	15.9774	4.00094	15.8375	3.95719	4.00571	2.98817
1477010446150000	16.1061	4.19979	5.0739	0.679223	0.371306	radar	1.35101	16.3376	4.21632	16.0363	4.10854	3.94251	3.0629
1477010446200000	16.3011	4.39202	5.11723	0.712659	0.393021	lidar	0.238391	16.3313	4.44499	16.2319	4.26363	3.87716	3.13723
1477010446250000	16.5127	4.55777	5.19252	0.722492	0.374544	radar	0.768492	16.7586	4.48231	16.4242	4.42242	3.80966	3.21109
1477010446300000	16.6906	4.71533	5.15001	0.737691	0.369204	lidar	0.496927	16.6039	4.67344	16.613	4.5849	3.74	3.28438
1477010446350000	16.8424	4.89565	4.87553	0.782267	0.426923	radar	2.86938	16.9236	5.10119	16.7983	4.75103	3.66817	3.35704
1477010446400000	16.9997	5.12531	4.94554	0.832963	0.469564	lidar	0.543354	16.9955	5.21099	16.9799	4.92077	3.59416	3.42897
1477010446450000	17.1735	5.2835	4.92948	0.840358	0.444662	radar	1.57345	17.3421	4.64623	17.1579	5.09409	3.51797	3.50008
1477010446500000	17.3291	5.45922	4.90643	0.860181	0.441066	lidar	0.115736	17.2894	5.43542	17.3319	5.27094	3.4396	3.57028
1477010446550000	17.4896	5.6119	4.83055	0.867265	0.421209	radar	2.75971	17.6463	4.74597	17.5019	5.45128	3.35907	3.63949
1477010446600000	17.6821	5.7213	4.74261	0.842952	0.356232	lidar	1.39372	17.7853	5.62476	17.6679	5.63506	3.27637	3.70762
1477010446650000	17.8308	5.90272	4.67184	0.86854	0.373568	radar	0.495585	17.9216	6.07151	17.8297	5.82221	3.19151	3.77458
1477010446700000	18.0001	6.10434	4.73326	0.889833	0.378025	lidar	1.07982	18.1263	6.16985	17.9872	6.01269	3.10453	3.84027
1477010446750000	18.1539	6.30838	4.81432	0.911693	0.378624	radar	0.965092	18.1245	6.79027	18.1402	6.20641	3.01542	3.90462
1477010446800000	18.2705	6.56705	4.90401	0.968858	0.43349	lidar	0.874632	18.2164	6.66138	18.2888	6.40332	2.92421	3.96753
1477010446850000	18.4039	6.77903	4.90068	0.996523	0.444311	radar	0.250644	18.4022	7.02231	18.4328	6.60333	2.83093	4.0289
1477010446900000	18.5542	6.90058	4.75862	0.977072	0.3848	lidar	1.40531	18.5422	6.76013	18.572	6.80638	2.7356	4.08867
1477010446950000	18.7067	7.10748	4.8901	0.984326	0.357392	radar	0.772063	18.8089	7.24388	18.7064	7.01237	2.63825	4.14672
1477010447000000	18.91	7.23776	4.81159	0.947065	0.280079	lidar	3.48102	19.1441	7.18344	18.8359	7.22122	2.53893	4.20299
1477010447050000	19.002	7.42177	4.58842	0.984427	0.328402	radar	3.60082	18.5479	7.4012	18.9604	7.43283	2.43767	4.25737
1477010447100000	19.0821	7.71836	4.747	1.05825	0.410298	lidar	2.04848	19.0138	7.8688	19.0798	7.64712	2.3345	4.3098
1477010447150000	19.2072	7.91917	4.78406	1.06791	0.389288	radar	0.291247	19.3089	7.67375	19.1939	7.86397	2.22949	4.36017
1477010447200000	19.2823	8.146	4.78664	1.10784	0.417221	lidar	1.25379	19.132	8.12845	19.3028	8.08329	2.12266	4.40842
1477010447250000	19.3834	8.35461	4.83857	1.121	0.396018	radar	2.11263	19.0239	8.17194	19.4062	8.30497	2.01409	4.45445
1477010447300000	19.4821	8.48872	4.6612	1.11273	0.35537	lidar	2.97385	19.347	8.30741	19.5042	8.5289	1.90381	4.49819
1477010447350000	19.5777	8.68632	4.59038	1.13209	0.363022	radar	0.41338	19.6843	8.35902	19.5966	8.75494	1.7919	4.53956
1477010447400000	19.7406	8.86209	4.56725	1.11163	0.310546	lidar	3.87122	20.0039	8.8906	19.6835	8.983	1.67841	4.57848
1477010447450000	19.8189	9.07266	4.48044	1.14473	0.345888	radar	0.946153	19.6061	9.48659	19.7645	9.21294	1.56341	4.61488
1477010447500000	19.9428	9.31904	4.58872	1.16184	0.347801	lidar	3.50798	20.1574	9.45949	19.8398	9.44463	1.44697	4.64869
1477010447550000	19.9929	9.52784	4.4321	1.20752	0.405607	radar	2.09224	19.6163	9.76606	19.9093	9.67795	1.32916	4.67984
1477010447600000	20.0704	9.78845	4.54521	1.24403	0.429621	lidar	1.26881	20.1573	9.90876	19.9728	9.91275	1.21005	4.70826
1477010447650000	20.131	10.0461	4.7053	1.27429	0.4298	radar	7.55363	19.1911	11.5493	20.0303	10.1489	1.08972	4.73389
1477010447700000	20.1703	10.3439	4.85308	1.32871	0.476133	lidar	1.10018	20.166	10.4687	20.0818	10.3863	0.968259	4.75666
1477010447750000	20.1836	10.5822	4.75856	1.38382	0.537011	radar	2.47603	19.6775	10.803	20.1271	10.6247	0.845742	4.77652
1477010447800000	20.2358	10.8687	4.88196	1.4189	0.549315	lidar	2.11458	20.371	11.0109	20.1663	10.864	0.722256	4.7934
1477010447850000	20.2601	11.1399	4.99758	1.44997	0.542713	radar	4.82518	19.4335	12.3402	20.1993	11.1041	0.597892	4.80727
1477010447900000	20.2972	11.371	4.95855	1.46865	0.531376	lidar	0.0657737	20.3164	11.3483	20.2261	11.3449	0.472738	4.81807
1477010447950000	20.2383	11.6226	4.81233	1.55764	0.656102	radar	9.03004	19.2063	12.2418	20.2466	11.5861	0.346889	4.82575
1477010448000000	20.3141	11.8482	4.77045	1.55378	0.608434	lidar	5.36065	20.6141	11.9422	20.2608	11.8275	0.220439	4.83027
1477010448050000	20.3416	12.0871	4.91494	1.54513	0.511136	radar	4.41229	19.966	11.9688	20.2687	12.0692	0.093487	4.83159
1477010448100000	20.3219	12.3898	5.05954	1.58866	0.535524	lidar	0.776102	20.3263	12.4966	20.2701	12.3108	-0.0338694	4.82968
1477010448150000	20.269	12.6283	4.93032	1.65381	0.621286	radar	2.60732	20.0192	12.4823	20.2652	12.5522	-0.161529	4.82451
1477010448200000	20.3018	12.8508	4.85653	1.65741	0.585575	lidar	2.24928	20.498	12.8924	20.254	12.7933	-0.28939	4.81605
1477010448250000	20.2949	13.0751	4.81129	1.67634	0.570274	radar	2.15135	20.9151	12.2555	20.2363	13.0339	-0.417348	4.80428
1477010448300000	20.2652	13.274	4.7141	1.70179	0.565226	lidar	0.901364	20.1943	13.1688	20.2122	13.2738	-0.545298	4.78918
1477010448350000	20.2288	13.5083	4.75753	1.72251	0.539967	radar	1.36603	19.858	13.5236	20.1818	13.5129	-0.673135	4.77072
1477010448400000	20.2049	13.7749	4.82929	1.74456	0.534583	lidar	1.47021	20.3245	13.8896	20.1449	13.7509	-0.800753	4.74892
1477010448450000	20.1525	13.9965	4.76822	1.78033	0.557779	radar	0.749529	20.3387	13.5307	20.1017	13.9878	-0.928043	4.72374
1477010448500000	20.0921	14.2608	4.85187	1.81238	0.564193	lidar	0.397034	20.1216	14.337	20.0521	14.2233	-1.0549	4.69521
1477010448550000	20.0204	14.4902	4.85673	1.84207	0.560709	radar	1.33211	19.6717	14.4038	19.9962	14.4573	-1.18121	4.66331
1477010448600000	19.9034	14.7586	4.98105	1.89091	0.588274	lidar	0.960619	19.781	14.773	19.934	14.6897	-1.30687	4.62805
1477010448650000	19.8397	14.9736	4.95186	1.90011	0.538246	radar	3.41569	20.1149	14.0165	19.8655	14.9202	-1.43177	4.58944
1477010448700000	19.823	15.1749	4.81596	1.90021	0.504058	lidar	2.32529	20.0208	15.2053	19.7908	15.1486	-1.55581	4.54751
1477010448750000	19.6967	15.3721	4.64171	1.9894	0.66789	radar	7.32731	20.0157	15.3443	19.7099	15.3749	-1.67887	4.50226
1477010448800000	19.6829	15.5359	4.44531	1.99056	0.626103	lidar	3.19514	19.9131	15.554	19.6229	15.5989	-1.80085	4.45372
1477010448850000	19.6031	15.7261	4.42082	2.00967	0.59688	radar	1.27272	19.9388	15.0864	19.5298	15.8203	-1.92164	4.40193
1477010448900000	19.4877	15.954	4.51104	2.04454	0.603777	lidar	0.229615	19.4748	16.0098	19.4307	16.039	-2.04114	4.3469
1477010448950000	19.3939	16.1561	4.53956	2.05135	0.540614	radar	1.86345	19.1556	16.0022	19.3257	16.2549	-2.15925	4.28868
1477010449000000	19.2836	16.3362	4.49723	2.08161	0.544418	lidar	0.336539	19.238	16.2719	19.2148	16.4679	-2.27586	4.22731
1477010449050000	19.1731	16.5245	4.47574	2.11116	0.55187	radar	0.207559	19.4007	16.2962	19.0981	16.6777	-2.39087	4.16284
1477010449100000	19.0264	16.7576	4.61239	2.14421	0.559266	lidar	0.503028	19.0029	16.8387	18.9757	16.8841	-2.50418	4.0953
1477010449150000	18.8665	16.9503	4.61661	2.21787	0.678745	radar	6.43459	18.8373	17.7112	18.8477	17.0872	-2.61571	4.02476
1477010449200000	18.6642	17.2179	4.89417	2.26014	0.689578	lidar	2.08684	18.6148	17.3832	18.7142	17.2866	-2.72534	3.95127
1477010449250000	18.5726	17.4187	4.83091	2.2214	0.511907	radar	6.14623	18.8177	17.0316	18.5752	17.4822	-2.83299	3.87489
1477010449300000	18.3428	17.6311	5.00294	2.27078	0.53902	lidar	3.63161	18.1023	17.5529	18.4309	17.674	-2.93858	3.79568
1477010449350000	18.2023	17.8278	4.99515	2.26693	0.459615	radar	1.82689	18.2749	17.4877	18.2814	17.8617	-3.042	3.71372
1477010449400000	18.0837	18.0052	4.89899	2.27831	0.446504	lidar	0.998274	18.2094	18.0461	18.1268	18.0453	-3.14318	3.62906
1477010449450000	17.9089	18.1538	4.83149	2.33118	0.520358	radar	2.48458	18.3021	17.498	17.9671	18.2246	-3.24204	3.5418
1477010449500000	17.7992	18.2769	4.62928	2.34975	0.511306	lidar	1.01782	17.9018	18.2183	17.8026	18.3994	-3.3385	3.45199
1477010449550000	17.6747	18.4491	4.57793	2.35555	0.47747	radar	6.38486	18.8558	18.1364	17.6334	18.5697	-3.43247	3.35973
1477010449600000	17.4631	18.6503	4.74512	2.38385	0.482705	lidar	0.668601	17.3845	18.7039	17.4595	18.7353	-3.5239	3.26509
1477010449650000	17.2868	18.785	4.69791	2.42495	0.52287	radar	1.8867	17.7945	18.0801	17.281	18.8962	-3.61271	3.16817
1477010449700000	17.134	18.915	4.60773	2.44926	0.520798	lidar	0.192545	17.1762	18.8863	17.0983	19.0521	-3.69883	3.06904
1477010449750000	16.9672	19.085	4.62936	2.46033	0.493723	radar	2.9751	16.9398	19.7311	16.9113	19.203	-3.78221	2.9678
1477010449800000	16.7438	19.2071	4.67085	2.50251	0.514432	lidar	2.82441	16.5734	19.052	16.7201	19.3488	-3.86278	2.86455
1477010449850000	16.5485	19.3643	4.72584	2.52909	0.525949	radar	3.28072	16.1674	20.2201	16.5251	19.4894	-3.9405	2.75938
1477010449900000	16.3033	19.5429	4.90596	2.55417	0.522981	lidar	0.763619	16.2338	19.6171	16.3262	19.6246	-4.01531	2.65237
1477010449950000	16.0825	19.6222	4.85602	2.6118	0.582946	radar	10.1363	16.4366	18.2742	16.1237	19.7545	-4.08716	2.54364
1477010450000000	15.8725	19.7683	4.89716	2.63221	0.572262	lidar	0.703928	15.9243	19.8703	15.9176	19.8789	-4.15602	2.43329
1477010450050000	15.691	19.8898	4.78926	2.6293	0.488488	radar	3.26065	16.2328	19.2166	15.7082	19.9978	-4.22185	2.32141
1477010450100000	15.4453	20.0553	4.94482	2.64374	0.474537	lidar	1.04597	15.4332	20.1836	15.4956	20.111	-4.28461	2.2081
1477010450150000	15.2197	20.2073	5.01213	2.65275	0.44889	radar	5.37689	14.3677	21.3406	15.2799	20.2185	-4.34427	2.09347
1477010450200000	15.0481	20.3277	4.90932	2.66434	0.437606	lidar	1.96462	15.2016	20.4385	15.0613	20.3203	-4.4008	1.97763
1477010450250000	14.8155	20.4095	4.91164	2.70728	0.480792	radar	2.29196	14.7476	19.9571	14.84	20.4162	-4.4542	1.86068
1477010450300000	14.6044	20.5257	4.90501	2.72388	0.472218	lidar	0.570289	14.6665	20.6088	14.6161	20.5063	-4.50443	1.74272
1477010450350000	14.3589	20.6175	4.97113	2.7642	0.516374	radar	1.21793	13.841	21.0031	14.3897	20.5904	-4.55149	1.62386
1477010450400000	14.1154	20.6875	4.97304	2.79838	0.526143	lidar	0.691796	14.0521	20.5924	14.1611	20.6686	-4.59537	1.50421
1477010450450000	13.8727	20.7624	5.00604	2.83544	0.555077	radar	0.246221	13.8232	20.859	13.9304	20.7408	-4.63606	1.38386
1477010450500000	13.5912	20.8273	5.09535	2.87086	0.562508	lidar	1.39268	13.4686	20.7253	13.6977	20.807	-4.67357	1.26294
1477010450550000	13.3382	20.8609	5.1324	2.92813	0.633367	radar	1.89198	13.8263	20.4261	13.4632	20.8671	-4.70789	1.14153
1477010450600000	13.1026	20.8905	5.07297	2.96647	0.642643	lidar	0.227145	13.1072	20.8294	13.2271	20.9211	-4.73904	1.01975
1477010450650000	12.8726	20.9506	5.01615	2.98348	0.612012	radar	1.99462	13.2669	21.1579	12.9895	20.969	-4.76702	0.897694
1477010450700000	12.7002	20.9766	4.82676	3.01455	0.618453	lidar	2.17279	12.8729	21.0592	12.7506	21.0108	-4.79186	0.775469
1477010450750000	12.4425	21.0212	4.88423	3.03853	0.607313	radar	2.55449	11.5171	21.6724	12.5106	21.0465	-4.81358	0.653175
1477010450800000	12.1948	21.0573	4.90698	3.06312	0.599517	lidar	0.160194	12.2062	21.11	12.2695	21.0761	-4.83219	0.530912
1477010450850000	11.9604	21.0759	4.89528	3.09407	0.605951	radar	0.911554	12.3859	21.1066	12.0276	21.0996	-4.84773	0.408778
1477010450900000	11.7268	21.0397	4.83939	3.14319	0.630867	lidar	1.7702	11.6814	20.8651	11.785	21.117	-4.86022	0.286869
1477010450950000	11.485	21.0245	4.82171	3.17787	0.6313	radar	1.0416	11.5265	20.6748	11.5418	21.1283	-4.86971	0.165281
1477010451000000	11.2797	21.0127	4.73661	3.21109	0.636387	lidar	0.579298	11.363	21.0688	11.2982	21.1335	-4.87623	0.0441057
1477010451050000	11.0283	20.973	4.75931	3.24961	0.641704	radar	4.10351	10.5558	20.5567	11.0544	21.1327	-4.87982	-0.076565
1477010451100000	10.8281	20.9308	4.66848	3.29058	0.656264	lidar	0.273356	10.8903	20.927	10.8105	21.1259	-4.88053	-0.196643
1477010451150000	10.5868	20.9278	4.56515	3.2898	0.577299	radar	5.65468	9.30535	21.3896	10.5666	21.1131	-4.8784	-0.31604
1477010451200000	10.2709	20.9747	4.79923	3.27034	0.506766	lidar	3.93536	10.189	21.209	10.3229	21.0943	-4.87349	-0.434674
1477010451250000	10.0344	20.9544	4.80324	3.29034	0.500918	radar	1.0026	9.97958	21.2932	10.0795	21.0697	-4.86585	-0.552463
1477010451300000	9.86186	20.9107	4.64795	3.32671	0.520433	lidar	1.38103	9.99634	20.9797	9.83658	21.0391	-4.85554	-0.669327
1477010451350000	9.63907	20.8971	4.52592	3.32461	0.456359	radar	1.51524	9.38223	21.111	9.59422	21.0028	-4.84262	-0.785189
1477010451400000	9.45873	20.8473	4.42627	3.35696	0.47162	lidar	0.464521	9.53921	20.8762	9.35258	20.9607	-4.82714	-0.899977
1477010451450000	9.25072	20.7985	4.45697	3.38735	0.492232	radar	1.49128	9.63392	20.9724	9.11177	20.9128	-4.80919	-1.01362
1477010451500000	8.90894	20.788	4.75625	3.36877	0.427992	lidar	3.15669	8.70331	20.8221	8.87192	20.8594	-4.78881	-1.12605
1477010451550000	8.70582	20.7027	4.72677	3.41395	0.469898	radar	4.44134	9.84634	20.009	8.63315	20.8003	-4.76608	-1.2372
1477010451600000	8.39884	20.6292	4.92006	3.42558	0.448952	lidar	2.99648	8.22277	20.4839	8.39557	20.7358	-4.74108	-1.34701
1477010451650000	8.16587	20.5498	4.94512	3.45593	0.466317	radar	0.119818	8.29647	20.4978	8.1593	20.6657	-4.71387	-1.45542
1477010451700000	7.91665	20.471	4.98134	3.47621	0.461361	lidar	0.0824392	7.88599	20.45	7.92445	20.5903	-4.68453	-1.56237
1477010451750000	7.69739	20.3855	5.02312	3.51226	0.496963	radar	3.41285	8.29081	20.6565	7.69111	20.5096	-4.65313	-1.66781
1477010451800000	7.34956	20.3351	5.28226	3.49336	0.433787	lidar	2.39117	7.18029	20.392	7.45939	20.4237	-4.61975	-1.7717
1477010451850000	7.10232	20.244	5.25287	3.51012	0.4197	radar	0.241336	7.09214	20.1196	7.22939	20.3326	-4.58448	-1.87399
1477010451900000	6.83905	20.1584	5.29542	3.52228	0.407442	lidar	0.0921616	6.81542	20.1859	7.00119	20.2364	-4.54738	-1.97462
1477010451950000	6.60394	20.0701	5.24046	3.53655	0.39352	radar	0.573892	6.89359	20.1536	6.7749	20.1352	-4.50854	-2.07357
1477010452000000	6.36969	19.9743	5.22314	3.5552	0.392857	lidar	0.102654	6.38914	20.0137	6.55059	20.0292	-4.46805	-2.17079
1477010452050000	6.14898	19.8819	5.19024	3.57506	0.397841	radar	3.05238	6.67637	20.2142	6.32834	19.9183	-4.42598	-2.26625
1477010452100000	5.88973	19.7861	5.24166	3.58308	0.381361	lidar	0.18522	5.86119	19.8306	6.10823	19.8027	-4.38241	-2.35993
1477010452150000	5.64079	19.6433	5.38117	3.62077	0.426	radar	1.64124	5.28178	19.5036	5.89034	19.6824	-4.33744	-2.45178
1477010452200000	5.51161	19.5085	5.1385	3.67383	0.474175	lidar	2.46284	5.69089	19.5755	5.67472	19.5577	-4.29114	-2.5418
1477010452250000	5.31239	19.3591	5.11517	3.71074	0.495041	radar	1.86674	5.9506	18.9859	5.46145	19.4284	-4.24359	-2.62995
1477010452300000	5.11274	19.2542	5.06244	3.72695	0.486038	lidar	1.9986	5.17021	19.4397	5.25059	19.2948	-4.19488	-2.71622
1477010452350000	4.94084	19.1403	4.8695	3.74472	0.465267	radar	4.62567	5.87397	19.301	5.04219	19.157	-4.1451	-2.80059
1477010452400000	4.80121	18.9886	4.75353	3.79111	0.500281	lidar	0.605315	4.89149	18.982	4.8363	19.015	-4.09432	-2.88305
1477010452450000	4.58754	18.838	4.89314	3.81478	0.507726	radar	1.62689	3.98679	19.0452	4.63297	18.8689	-4.04263	-2.96359
1477010452500000	4.41713	18.7061	4.83646	3.83882	0.508205	lidar	1.01349	4.4685	18.834	4.43224	18.7188	-3.99012	-3.0422
1477010452550000	4.25374	18.5616	4.69462	3.86063	0.492647	radar	1.08946	4.69245	18.4634	4.23416	18.5648	-3.93685	-3.11888
1477010452600000	4.14611	18.4092	4.56233	3.90946	0.530675	lidar	1.19168	4.26269	18.481	4.03876	18.4071	-3.88293	-3.19362
1477010452650000	3.94978	18.2361	4.8907	3.94086	0.562318	radar	6.90226	3.42434	18.8357	3.84606	18.2457	-3.82841	-3.26644
1477010452700000	3.65179	18.094	5.08762	3.90371	0.465184	lidar	3.11085	3.45919	18.167	3.65611	18.0807	-3.77339	-3.33732
1477010452750000	3.4983	17.9464	4.8549	3.91722	0.433741	radar	3.61061	4.3011	17.9267	3.46891	17.9122	-3.71795	-3.40627
1477010452800000	3.24908	17.7806	4.99131	3.90456	0.382568	lidar	1.1459	3.12525	17.7493	3.28449	17.7402	-3.66215	-3.47331
1477010452850000	3.05706	17.5965	5.15251	3.93118	0.409202	radar	2.07317	2.65664	17.888	3.10287	17.565	-3.60609	-3.53844
1477010452900000	2.88622	17.478	5.06387	3.9347	0.3898	lidar	6.21419	2.9449	17.8154	2.92405	17.3866	-3.54982	-3.60167
1477010452950000	2.73699	17.261	5.20155	3.98749	0.454846	radar	2.42492	3.26647	17.0897	2.74805	17.2051	-3.49344	-3.66302
1477010453000000	2.56082	17.0691	5.20771	4.00656	0.449782	lidar	0.0183085	2.55407	17.0853	2.57486	17.0205	-3.437	-3.72251
1477010453050000	2.4023	16.9068	4.93535	4.00845	0.398158	radar	2.34958	2.55039	16.8884	2.4045	16.833	-3.38059	-3.78014
1477010453100000	2.24396	16.7368	4.91312	4.02279	0.391586	lidar	0.499958	2.25371	16.8334	2.23695	16.6427	-3.32428	-3.83595
1477010453150000	2.06649	16.5402	4.87126	4.0285	0.360662	radar	4.5422	1.57735	16.0489	2.07221	16.4497	-3.26812	-3.88995
1477010453200000	1.91229	16.3111	4.92492	4.05664	0.372381	lidar	2.26814	1.88972	16.1054	1.91027	16.254	-3.21219	-3.94216
1477010453250000	1.76279	16.135	4.82194	4.06449	0.349441	radar	0.527592	1.74362	16.2687	1.75112	16.0557	-3.15656	-3.99261
1477010453300000	1.54668	15.9706	4.9008	4.04134	0.291946	lidar	1.48535	1.44745	16.0853	1.59474	15.8549	-3.10129	-4.04132
1477010453350000	1.41315	15.7362	5.11046	4.08816	0.35836	radar	2.32364	1.6097	15.5526	1.44111	15.6517	-3.04644	-4.08832
1477010453400000	1.23525	15.514	5.17901	4.09575	0.342207	lidar	0.566504	1.18395	15.4284	1.29021	15.4463	-2.99207	-4.13364
1477010453450000	1.07167	15.3225	5.1182	4.09654	0.313045	radar	0.928653	0.828993	15.528	1.14201	15.2386	-2.93825	-4.1773
1477010453500000	0.845807	15.1	5.26233	4.07823	0.262426	lidar	1.54381	0.722706	15.0075	0.996486	15.0288	-2.88503	-4.21933
1477010453550000	0.702026	14.9222	5.08369	4.07929	0.232337	radar	2.35027	1.03147	15.2134	0.853604	14.8169	-2.83246	-4.25977
1477010453600000	0.627263	14.7126	4.96924	4.12653	0.283581	lidar	0.907042	0.737301	14.7047	0.71333	14.603	-2.78061	-4.29864
1477010453650000	0.507722	14.4686	5.14619	4.16628	0.334766	radar	2.0204	0.722177	14.2445	0.575628	14.3872	-2.72952	-4.33598
1477010453700000	0.327029	14.2422	5.23013	4.16138	0.302783	lidar	0.479904	0.253435	14.2029	0.440459	14.1696	-2.67925	-4.37181
1477010453750000	0.183615	13.9866	5.46851	4.19111	0.342122	radar	1.86659	-0.0328023	13.9604	0.307779	13.9502	-2.62984	-4.40617
1477010453800000	0.215612	13.7368	5.24027	4.29006	0.461315	lidar	4.58127	0.459172	13.6856	0.177545	13.7292	-2.58135	-4.43909
1477010453850000	0.104886	13.4938	5.31678	4.31323	0.465999	radar	0.412146	0.0524412	13.6377	0.0497099	13.5065	-2.53381	-4.47061
1477010453900000	-0.0741737	13.255	5.40519	4.29649	0.406826	lidar	1.05515	-0.190344	13.2856	-0.0757753	13.2823	-2.48728	-4.50075
1477010453950000	-0.192588	13.0409	5.19493	4.29683	0.363632	radar	1.53155	-0.275043	13.1456	-0.198962	13.0566	-2.44179	-4.52955
1477010454000000	-0.158466	12.8238	4.99748	4.38036	0.462262	lidar	3.70836	0.0462308	12.9301	-0.319903	12.8295	-2.39739	-4.55704
1477010454050000	-0.268879	12.5999	4.86245	4.3808	0.419701	radar	2.85728	-0.684792	12.3563	-0.438654	12.6011	-2.35412	-4.58326
1477010454100000	-0.396876	12.3685	4.91709	4.37525	0.380086	lidar	0.463955	-0.476482	12.3633	-0.555273	12.3714	-2.31202	-4.60823
1477010454150000	-0.515678	12.161	4.86615	4.36747	0.33795	radar	3.36219	-0.972122	12.5207	-0.669818	12.1404	-2.27111	-4.63198
1477010454200000	-0.590324	11.9493	4.83164	4.38503	0.339995	lidar	0.427116	-0.582624	12.0386	-0.78235	11.9083	-2.23144	-4.65456
1477010454250000	-0.71763	11.7191	4.87417	4.37352	0.296723	radar	2.71921	-1.26757	11.6495	-0.892931	11.6751	-2.19304	-4.67598
1477010454300000	-0.941366	11.4715	5.04509	4.31149	0.182549	lidar	4.13948	-1.17212	11.3988	-1.00163	11.4409	-2.15594	-4.69628
1477010454350000	-1.03899	11.2475	4.90673	4.31103	0.155522	radar	1.87503	-0.891441	10.959	-1.1085	11.2057	-2.12017	-4.71549
1477010454400000	-1.23172	11.0213	5.01956	4.2661	0.0795375	lidar	1.87295	-1.39289	11.0424	-1.21362	10.9695	-2.08575	-4.73364
1477010454450000	-1.31251	10.7708	5.20933	4.30229	0.147185	radar	1.90441	-1.29894	10.9012	-1.31706	10.7324	-2.05273	-4.75075
1477010454500000	-1.44889	10.5118	5.28728	4.2948	0.125043	lidar	0.633105	-1.49687	10.4198	-1.41889	10.4945	-2.02111	-4.76686
1477010454550000	-1.55089	10.2433	5.4255	4.31437	0.154747	radar	1.12107	-1.59293	10.0212	-1.51917	10.2559	-1.99093	-4.78198
1477010454600000	-1.63376	10.0354	5.32472	4.32799	0.165392	lidar	2.21265	-1.61875	10.2374	-1.61797	10.0165	-1.96221	-4.79615
1477010454650000	-1.72062	9.80752	5.21882	4.3361	0.159278	radar	0.659732	-1.59702	9.96554	-1.71539	9.77637	-1.93498	-4.80939
1477010454700000	-1.77952	9.59332	5.12233	4.3592	0.182516	lidar	0.958379	-1.73381	9.71347	-1.81147	9.53564	-1.90924	-4.82172
1477010454750000	-1.90831	9.33352	5.30579	4.35567	0.173975	radar	2.23579	-2.27191	9.37316	-1.90631	9.29431	-1.88502	-4.83316
1477010454800000	-1.99065	9.03422	5.38313	4.37489	0.186403	lidar	3.83834	-1.93833	8.77028	-1.99998	9.05243	-1.86233	-4.84374
1477010454850000	-2.06947	8.81639	5.19838	4.37703	0.163959	radar	2.04786	-1.96565	9.13274	-2.09256	8.81003	-1.8412	-4.85347
1477010454900000	-2.16377	8.565	5.22148	4.38103	0.157499	lidar	0.0451269	-2.1768	8.5411	-2.18412	8.56717	-1.82164	-4.86238
1477010454950000	-2.30724	8.30295	5.32393	4.35988	0.114144	radar	2.3606	-2.65862	8.19477	-2.27474	8.32388	-1.80365	-4.87047
1477010455000000	-2.33059	8.08015	5.18958	4.39762	0.16214	lidar	1.21898	-2.21875	8.15339	-2.3645	8.0802	-1.78726	-4.87778
1477010455050000	-2.3752	7.87622	5.04685	4.41813	0.180097	radar	5.49074	-2.273	8.52315	-2.45348	7.83617	-1.77248	-4.8843
1477010455100000	-2.49967	7.62092	5.1385	4.40167	0.142329	lidar	0.669111	-2.59674	7.60288	-2.54177	7.59184	-1.75931	-4.89006
1477010455150000	-2.66986	7.38153	5.1029	4.34848	0.0337523	radar	4.7201	-3.08256	7.38874	-2.62944	7.34723	-1.74777	-4.89507
1477010455200000	-2.77754	7.12678	5.15651	4.34276	0.0220859	lidar	0.257724	-2.79865	7.064	-2.71658	7.10238	-1.73786	-4.89933
1477010455250000	-2.82628	6.89624	5.17041	4.37646	0.0876864	radar	2.0155	-2.79412	7.20818	-2.80326	6.85734	-1.72958	-4.90286
1477010455300000	-2.84644	6.70387	4.97803	4.40884	0.129828	lidar	2.31426	-2.74651	6.86867	-2.88957	6.61214	-1.72295	-4.90566
1477010455350000	-2.88474	6.49675	4.74857	4.41939	0.117382	radar	2.98776	-2.57673	6.36755	-2.97559	6.36681	-1.71797	-4.90774
1477010455400000	-2.9406	6.26544	4.74007	4.43173	0.126148	lidar	0.149652	-2.90217	6.22989	-3.0614	6.12139	-1.71464	-4.90911
1477010455450000	-3.07381	6.00751	4.94155	4.40961	0.091609	radar	4.1977	-3.50172	6.10796	-3.14709	5.87592	-1.71297	-4.90976
1477010455500000	-3.17238	5.72219	5.07611	4.40429	0.0741403	lidar	2.05516	-3.1778	5.53101	-3.23274	5.63043	-1.71295	-4.9097
1477010455550000	-3.28603	5.47179	5.04485	4.3754	0.00364795	radar	1.99688	-3.19736	5.19093	-3.31843	5.38496	-1.71458	-4.90893
1477010455600000	-3.3946	5.20357	5.14594	4.36488	-0.0129229	lidar	0.661705	-3.43031	5.10507	-3.40424	5.13955	-1.71787	-4.90745
1477010455650000	-3.45679	4.95856	5.17136	4.38698	0.0353582	radar	0.412796	-3.4281	4.94644	-3.49026	4.89422	-1.72281	-4.90525
1477010455700000	-3.59094	4.66243	5.36685	4.36806	0.00580144	lidar	1.91088	-3.69435	4.52196	-3.57657	4.64902	-1.72939	-4.90233
1477010455750000	-3.70158	4.40491	5.34265	4.34433	-0.0535001	radar	1.73974	-3.50501	4.17643	-3.66325	4.40398	-1.73763	-4.89868
1477010455800000	-3.85192	4.11835	5.52052	4.32115	-0.0798627	lidar	1.71571	-4.00238	4.04684	-3.75039	4.15913	-1.74749	-4.8943
1477010455850000	-3.91844	3.88485	5.45404	4.34894	-0.00633278	radar	1.80366	-4.06447	4.10977	-3.83806	3.91452	-1.75899	-4.88918
1477010455900000	-3.98015	3.66623	5.30518	4.35864	0.00474515	lidar	1.05854	-3.88053	3.75177	-3.92635	3.67019	-1.77212	-4.8833
1477010455950000	-4.06533	3.47905	5.10725	4.34436	-0.0345317	radar	3.99203	-4.23729	3.88878	-4.01533	3.42616	-1.78686	-4.87666
1477010456000000	-4.15708	3.23614	5.11959	4.34311	-0.0340404	lidar	0.0170886	-4.15119	3.21968	-4.10509	3.18248	-1.8032	-4.86925
1477010456050000	-4.27589	2.97343	5.21169	4.32566	-0.0697842	radar	0.598568	-4.27467	2.88187	-4.19571	2.93919	-1.82113	-4.86104
1477010456100000	-4.37371	2.6897	5.32336	4.32741	-0.0632055	lidar	1.23498	-4.32451	2.55034	-4.28727	2.69633	-1.84065	-4.85202
1477010456150000	-4.45577	2.44358	5.29752	4.33956	-0.0269367	radar	0.312142	-4.38481	2.39989	-4.37985	2.45393	-1.86173	-4.84218
1477010456200000	-4.56615	2.16838	5.39822	4.33789	-0.0247465	lidar	0.480489	-4.61223	2.09192	-4.47352	2.21205	-1.88436	-4.83149
1477010456250000	-4.67004	1.94467	5.34095	4.30692	-0.110581	radar	3.75552	-4.29257	1.92854	-4.56836	1.97072	-1.90853	-4.81994
1477010456300000	-4.79482	1.65486	5.49492	4.30347	-0.102277	lidar	1.18709	-4.86829	1.53442	-4.66444	1.72998	-1.93422	-4.80751
1477010456350000	-4.91501	1.40395	5.51893	4.28886	-0.125017	radar	0.167856	-4.98165	1.43611	-4.76186	1.48989	-1.9614	-4.79417
1477010456400000	-4.9689	1.19256	5.32351	4.29053	-0.12796	lidar	5.38164	-4.66779	1.28643	-4.86066	1.25049	-1.99007	-4.7799
1477010456450000	-5.05643	0.996439	5.14036	4.28779	-0.114588	radar	1.18046	-4.98594	1.10894	-4.96095	1.01182	-2.02019	-4.76468
1477010456500000	-5.11365	0.780866	5.02608	4.29055	-0.113286	lidar	3.65539	-4.85498	0.825661	-5.06277	0.77393	-2.05174	-4.74848
1477010456550000	-5.21516	0.459372	5.30408	4.3035	-0.0886363	radar	5.66324	-4.84736	0.18101	-5.16621	0.536876	-2.08471	-4.73127
1477010456600000	-5.28939	0.226661	5.23826	4.30477	-0.0865769	lidar	1.51257	-5.1231	0.257311	-5.27133	0.300706	-2.11906	-4.71303
1477010456650000	-5.39208	0.00395131	5.0979	4.31518	-0.0316904	radar	6.50525	-5.99809	-0.290765	-5.3782	0.0654719	-2.15477	-4.69374
1477010456700000	-5.46063	-0.228046	5.05976	4.32091	-0.0261738	lidar	1.37231	-5.29972	-0.212982	-5.4869	-0.168772	-2.1918	-4.67335
1477010456750000	-5.57885	-0.386576	4.93681	4.28121	-0.103043	radar	3.11179	-5.64447	-0.144522	-5.59748	-0.401971	-2.23014	-4.65185
1477010456800000	-5.71189	-0.558665	4.83537	4.25046	-0.142174	lidar	1.91132	-5.85359	-0.445801	-5.71001	-0.634069	-2.26974	-4.62919
1477010456850000	-5.828	-0.798134	5.06294	4.22684	-0.199663	radar	5.30034	-5.30947	-0.724468	-5.82456	-0.865006	-2.31058	-4.60536
1477010456900000	-5.92871	-1.09366	5.22005	4.24683	-0.149217	lidar	2.06926	-5.87835	-1.26863	-5.94118	-1.09472	-2.35262	-4.58032
1477010456950000	-6.01708	-1.37931	5.30414	4.26905	-0.0991066	radar	2.96663	-5.68069	-1.52871	-6.05993	-1.32316	-2.39581	-4.55404
1477010457000000	-6.15775	-1.58284	5.24279	4.2422	-0.132652	lidar	1.08437	-6.27263	-1.50938	-6.18087	-1.55025	-2.44014	-4.52648
1477010457050000	-6.29985	-1.8314	5.47735	4.21357	-0.193984	radar	2.5961	-6.11355	-1.75966	-6.30406	-1.77593	-2.48555	-4.49762
1477010457100000	-6.41185	-2.09447	5.5143	4.2185	-0.171607	lidar	0.410606	-6.34007	-2.13685	-6.42954	-2.00014	-2.532	-4.46742
1477010457150000	-6.56088	-2.2859	5.32663	4.19249	-0.187425	radar	3.59137	-6.99344	-2.17445	-6.55738	-2.22281	-2.57946	-4.43585
1477010457200000	-6.71433	-2.49072	5.28611	4.16586	-0.213726	lidar	0.491906	-6.79288	-2.4458	-6.68761	-2.44386	-2.62788	-4.40288
1477010457250000	-6.86993	-2.69892	5.26265	4.14209	-0.233121	radar	1.04632	-7.14408	-2.67584	-6.82029	-2.66323	-2.6772	-4.36847
1477010457300000	-6.96188	-2.98637	5.35883	4.17332	-0.167256	lidar	2.43515	-6.8003	-3.10086	-6.95546	-2.88084	-2.7274	-4.3326
1477010457350000	-7.0894	-3.2071	5.248	4.1709	-0.149549	radar	0.392916	-7.13937	-3.22028	-7.09316	-3.09663	-2.7784	-4.29523
1477010457400000	-7.21555	-3.38837	5.15297	4.14919	-0.175476	lidar	1.35441	-7.12118	-3.26434	-7.23344	-3.3105	-2.83017	-4.25632
1477010457450000	-7.36025	-3.64656	5.2349	4.15416	-0.15023	radar	4.50534	-7.77186	-4.08999	-7.37632	-3.5224	-2.88265	-4.21586
1477010457500000	-7.52397	-3.75535	5.03642	4.09208	-0.238734	lidar	4.45135	-7.49009	-3.49081	-7.52184	-3.73223	-2.93579	-4.1738
1477010457550000	-7.67024	-3.9625	5.09745	4.07815	-0.2462	radar	0.451603	-7.52393	-3.88213	-7.67004	-3.93992	-2.98953	-4.13012
1477010457600000	-7.82273	-4.20228	5.16303	4.07937	-0.223373	lidar	0.706583	-7.88049	-4.29783	-7.82094	-4.14538	-3.04381	-4.08479
1477010457650000	-7.97373	-4.42175	5.16252	4.07448	-0.211617	radar	0.461003	-8.08524	-4.57834	-7.97457	-4.34854	-3.09857	-4.03778
1477010457700000	-8.13318	-4.67229	5.24548	4.07968	-0.184936	lidar	1.34662	-8.22492	-4.79812	-8.13095	-4.5493	-3.15376	-3.98906
1477010457750000	-8.27177	-4.86903	5.01715	4.07946	-0.158738	radar	1.94787	-8.453	-4.95621	-8.2901	-4.74759	-3.2093	-3.93862
1477010457800000	-8.39864	-5.08907	5.02882	4.08706	-0.136002	lidar	0.261567	-8.33552	-5.1059	-8.45204	-4.94331	-3.26514	-3.88641
1477010457850000	-8.54972	-5.23964	4.85487	4.05995	-0.162488	radar	2.83028	-8.55062	-4.79248	-8.61678	-5.13637	-3.32121	-3.83242
1477010457900000	-8.73573	-5.43878	4.90376	4.03931	-0.178292	lidar	2.03582	-8.91477	-5.51752	-8.78433	-5.32669	-3.37745	-3.77663
1477010457950000	-8.89759	-5.63374	4.93869	4.0274	-0.183118	radar	0.298602	-9.04115	-5.69364	-8.95469	-5.51417	-3.43377	-3.71901
1477010458000000	-9.05098	-5.81973	4.92832	4.01696	-0.185339	lidar	0.0312991	-9.03391	-5.80267	-9.12788	-5.69872	-3.49012	-3.65955
1477010458050000	-9.19373	-5.96147	4.75815	3.9955	-0.201822	radar	4.88702	-8.86897	-5.41973	-9.30388	-5.88026	-3.54643	-3.59823
1477010458100000	-9.37045	-6.04707	4.6318	3.93605	-0.276196	lidar	3.26032	-9.30811	-5.82368	-9.4827	-6.05868	-3.60261	-3.53503
1477010458150000	-9.55088	-6.22932	4.75021	3.92125	-0.278378	radar	1.37204	-9.80646	-6.41174	-9.66432	-6.23389	-3.6586	-3.46994
1477010458200000	-9.68251	-6.45498	4.79484	3.94862	-0.218433	lidar	0.997952	-9.62547	-6.55958	-9.84874	-6.4058	-3.71431	-3.40295
1477010458250000	-9.91342	-6.61097	4.99131	3.9002	-0.276171	radar	6.98882	-10.6688	-6.35543	-10.0359	-6.57431	-3.76969	-3.33404
1477010458300000	-10.1185	-6.78525	5.02456	3.87808	-0.286899	lidar	0.728662	-10.2246	-6.83402	-10.2259	-6.73933	-3.82463	-3.26321
1477010458350000	-10.3072	-6.94256	5.05	3.85684	-0.297976	radar	0.677132	-10.2205	-6.71044	-10.4186	-6.90075	-3.87907	-3.19046
1477010458400000	-10.5392	-7.13792	5.14302	3.83984	-0.29839	lidar	3.86985	-10.7616	-7.29159	-10.614	-7.05849	-3.93293	-3.11577
1477010458450000	-10.7501	-7.27057	5.11393	3.80412	-0.328566	radar	1.58594	-10.8944	-6.83335	-10.8121	-7.21245	-3.98613	-3.03916
1477010458500000	-10.9992	-7.44347	5.19773	3.7773	-0.341178	lidar	3.48045	-11.2219	-7.56979	-11.0128	-7.36252	-4.03859	-2.96062
1477010458550000	-11.1887	-7.57531	5.04388	3.75643	-0.347147	radar	1.38371	-10.986	-7.3707	-11.2161	-7.50862	-4.09021	-2.88015
1477010458600000	-11.3274	-7.74011	4.97283	3.7724	-0.301472	lidar	3.24478	-11.0934	-7.6776	-11.422	-7.65064	-4.14093	-2.79777
1477010458650000	-11.5246	-7.86094	4.92093	3.74611	-0.317867	radar	1.59913	-11.4213	-7.46085	-11.6304	-7.78849	-4.19066	-2.71349
1477010458700000	-11.6989	-7.96489	4.84262	3.72272	-0.329775	lidar	2.66481	-11.5269	-7.8215	-11.8413	-7.92208	-4.23932	-2.6273
1477010458750000	-11.8912	-8.07267	4.67743	3.69639	-0.344723	radar	0.859684	-11.9422	-7.88317	-12.0546	-8.05131	-4.28682	-2.53924
1477010458800000	-12.1012	-8.16117	4.66058	3.65812	-0.374511	lidar	0.346934	-12.09	-8.08828	-12.2702	-8.17609	-4.33309	-2.44932
1477010458850000	-12.3371	-8.2892	4.97631	3.63866	-0.371097	radar	2.85906	-12.4462	-8.02117	-12.4881	-8.29633	-4.37802	-2.35756
1477010458900000	-12.5402	-8.37454	4.92306	3.60846	-0.388005	lidar	1.4386	-12.4231	-8.2599	-12.7082	-8.41193	-4.42156	-2.26399
1477010458950000	-12.7454	-8.45438	4.72878	3.57454	-0.412352	radar	1.33978	-12.7461	-8.19449	-12.9304	-8.5228	-4.4636	-2.16863
1477010459000000	-13.0272	-8.54669	4.83553	3.52886	-0.446673	lidar	4.30008	-13.2911	-8.64594	-13.1547	-8.62886	-4.50407	-2.07151
1477010459050000	-13.2867	-8.64153	5.01055	3.501	-0.449997	radar	2.63072	-13.7929	-8.47158	-13.381	-8.73002	-4.54289	-1.97267
1477010459100000	-13.5055	-8.6941	4.96205	3.46451	-0.46974	lidar	1.5437	-13.384	-8.57583	-13.6092	-8.82619	-4.57997	-1.87214
1477010459150000	-13.7201	-8.72786	4.72895	3.41576	-0.51363	radar	3.02165	-13.6376	-8.26344	-13.8392	-8.91729	-4.61524	-1.76997
1477010459200000	-13.9361	-8.8524	4.73871	3.42574	-0.464261	lidar	1.38399	-13.9959	-8.99264	-14.0709	-9.00324	-4.64861	-1.6662
1477010459250000	-14.2016	-8.93739	5.0453	3.41215	-0.439597	radar	2.75998	-14.4737	-8.79552	-14.3043	-9.08395	-4.68001	-1.56086
1477010459300000	-14.4196	-9.06741	5.02483	3.43052	-0.383951	lidar	0.972113	-14.4273	-9.1875	-14.5391	-9.15936	-4.70936	-1.45402
1477010459350000	-14.6468	-9.13869	4.91911	3.41147	-0.387693	radar	0.435119	-14.5757	-9.32634	-14.7754	-9.22939	-4.73658	-1.34573
1477010459400000	-14.9429	-9.12936	5.00475	3.33724	-0.463693	lidar	1.55385	-15.062	-9.04396	-15.013	-9.29397	-4.76161	-1.23603
1477010459450000	-15.2075	-9.19887	5.05025	3.32107	-0.454417	radar	4.45271	-15.6189	-9.69365	-15.2517	-9.35302	-4.78436	-1.125
1477010459500000	-15.4678	-9.3303	5.09276	3.34231	-0.395173	lidar	5.31281	-15.6682	-9.56749	-15.4916	-9.40649	-4.80476	-1.01269
1477010459550000	-15.7059	-9.36184	4.89352	3.30607	-0.429381	radar	1.77131	-15.9382	-9.35751	-15.7324	-9.45431	-4.82275	-0.899159
1477010459600000	-15.9564	-9.45356	4.92041	3.31064	-0.394527	lidar	2.07041	-16.0862	-9.59819	-15.9741	-9.49642	-4.83827	-0.784484
1477010459650000	-16.2069	-9.46473	4.87032	3.26965	-0.42839	radar	1.9264	-16.6033	-8.85459	-16.2164	-9.53277	-4.85124	-0.668734
1477010459700000	-16.456	-9.45481	4.88266	3.22467	-0.460447	lidar	0.506362	-16.4229	-9.37029	-16.4594	-9.5633	-4.8616	-0.55198
1477010459750000	-16.6656	-9.46445	4.78601	3.20006	-0.46428	radar	4.86188	-16.011	-9.33486	-16.7027	-9.58797	-4.8693	-0.434301
1477010459800000	-16.9558	-9.43877	4.89119	3.14642	-0.506976	lidar	1.48239	-17.1132	-9.43043	-16.9464	-9.60673	-4.87427	-0.315773
1477010459850000	-17.2085	-9.50391	5.01118	3.16396	-0.437104	radar	8.04484	-16.9255	-10.8571	-17.1903	-9.61954	-4.87646	-0.196479
1477010459900000	-17.4704	-9.52255	5.03356	3.14758	-0.430388	lidar	0.439281	-17.5448	-9.57485	-17.4342	-9.62636	-4.87583	-0.0765024
1477010459950000	-17.7291	-9.51203	4.97718	3.11304	-0.456299	radar	1.56348	-18.1371	-9.39146	-17.6781	-9.62717	-4.87232	0.0440703
1477010460000000	-17.9849	-9.47614	5.00058	3.07389	-0.47837	lidar	0.194992	-17.9724	-9.42299	-17.9216	-9.62194	-4.86588	0.165151
1477010460050000	-18.2278	-9.44156	4.92945	3.03561	-0.505604	radar	0.444035	-18.3083	-9.18778	-18.1648	-9.61064	-4.85648	0.286648
1477010460100000	-18.4091	-9.50517	4.76352	3.06574	-0.429233	lidar	2.06504	-18.2763	-9.60997	-18.4074	-9.59325	-4.84408	0.40847
1477010460150000	-18.6444	-9.4989	4.86277	3.05941	-0.39648	radar	1.88409	-18.2443	-9.58547	-18.6493	-9.56977	-4.82864	0.530522
1477010460200000	-18.8969	-9.48452	4.88235	3.04183	-0.394114	lidar	0.226052	-18.9545	-9.51544	-18.8904	-9.54017	-4.81012	0.652707
1477010460250000	-19.1259	-9.45037	4.91442	3.02267	-0.385668	radar	3.95869	-18.6983	-9.02886	-19.1305	-9.50447	-4.78851	0.774927
1477010460300000	-19.3871	-9.31207	5.00538	2.94318	-0.466526	lidar	3.33478	-19.2983	-9.09865	-19.3694	-9.46265	-4.76378	0.897083
1477010460350000	-19.6215	-9.23558	4.91408	2.89666	-0.510858	radar	1.06766	-19.7037	-8.79906	-19.6069	-9.41472	-4.73591	1.01907
1477010460400000	-19.8831	-9.09752	5.01609	2.82828	-0.568376	lidar	1.24659	-19.8731	-8.96417	-19.8431	-9.36071	-4.70487	1.1408
1477010460450000	-20.1289	-8.9877	5.08584	2.78609	-0.581289	radar	4.92243	-20.3815	-7.6755	-20.0775	-9.30061	-4.67066	1.26215
1477010460500000	-20.2579	-9.17362	4.61479	2.90044	-0.390632	lidar	14.008	-20.1607	-9.59663	-20.3102	-9.23446	-4.63328	1.38303
1477010460550000	-20.4958	-9.13978	4.69398	2.89805	-0.359806	radar	1.56826	-20.4587	-9.7448	-20.5409	-9.16227	-4.59271	1.50334
1477010460600000	-20.7258	-9.0277	4.74672	2.85125	-0.397738	lidar	1.02324	-20.6596	-8.91527	-20.7696	-9.08409	-4.54895	1.62296
1477010460650000	-20.9708	-8.94775	4.7688	2.82239	-0.415208	radar	2.5056	-21.5568	-8.5005	-20.9959	-8.99994	-4.50202	1.74179
1477010460700000	-21.1631	-8.88084	4.69403	2.80583	-0.407331	lidar	1.15808	-21.0195	-8.85081	-21.2198	-8.90987	-4.45191	1.85972
1477010460750000	-21.3973	-8.79763	4.6914	2.77869	-0.423527	radar	1.88502	-21.8628	-8.64129	-21.4412	-8.81393	-4.39865	1.97666
1477010460800000	-21.5794	-8.78227	4.55031	2.79247	-0.37501	lidar	1.01397	-21.5029	-8.87191	-21.6597	-8.71217	-4.34224	2.0925
1477010460850000	-21.7655	-8.65771	4.37926	2.73028	-0.45836	radar	5.81303	-21.9514	-7.41274	-21.8754	-8.60465	-4.2827	2.20712
1477010460900000	-21.9681	-8.56899	4.38521	2.70704	-0.458982	lidar	0.0070534	-21.9793	-8.57089	-22.0881	-8.49143	-4.22007	2.32043
1477010460950000	-22.179	-8.46958	4.51955	2.69438	-0.426166	radar	2.5151	-22.1914	-7.70392	-22.2975	-8.37258	-4.15437	2.43232
1477010461000000	-22.4224	-8.34764	4.62638	2.66299	-0.442216	lidar	1.44343	-22.5838	-8.35296	-22.5035	-8.24817	-4.08564	2.5427
1477010461050000	-22.6107	-8.2426	4.55644	2.63529	-0.456278	radar	0.74232	-22.3177	-8.57758	-22.7061	-8.11829	-4.01391	2.65145
1477010461100000	-22.8806	-7.94608	4.93403	2.52294	-0.576721	lidar	6.41732	-22.9861	-7.6724	-22.9049	-7.98301	-3.93923	2.75848
1477010461150000	-23.0761	-7.79165	4.85028	2.46866	-0.639107	radar	2.7309	-23.2693	-8.32031	-23.1	-7.84243	-3.86163	2.8637
1477010461200000	-23.3102	-7.59588	5.00257	2.42106	-0.661203	lidar	1.6825	-23.4777	-7.56583	-23.2911	-7.69663	-3.78118	2.967
1477010461250000	-23.5162	-7.45196	5.10769	2.42631	-0.57219	radar	2.34385	-23.473	-7.02103	-23.4781	-7.54572	-3.69792	3.06828
1477010461300000	-23.6719	-7.32564	4.97052	2.41006	-0.555394	lidar	1.09546	-23.5408	-7.36069	-23.6609	-7.3898	-3.61191	3.16746
1477010461350000	-23.8701	-7.15408	5.04404	2.39037	-0.532263	radar	0.891439	-24.0505	-6.56968	-23.8393	-7.22897	-3.52321	3.26445
1477010461400000	-24.0127	-7.09772	4.7629	2.40403	-0.480708	lidar	2.42157	-23.9384	-7.26171	-24.0132	-7.06336	-3.43189	3.35916
1477010461450000	-24.1842	-6.91388	4.77149	2.3644	-0.509023	radar	1.92927	-24.3577	-5.94086	-24.1825	-6.89307	-3.33801	3.45149
1477010461500000	-24.3579	-6.6326	4.98789	2.29422	-0.565626	lidar	3.16047	-24.2574	-6.4352	-24.347	-6.71823	-3.24166	3.54138
1477010461550000	-24.5284	-6.45386	4.94713	2.26083	-0.589443	radar	3.17434	-24.788	-7.18367	-24.5066	-6.53896	-3.14289	3.62873
1477010461600000	-24.6065	-6.35558	4.64098	2.2495	-0.561102	lidar	5.86509	-24.3008	-6.43799	-24.6612	-6.35538	-3.0418	3.71347
1477010461650000	-24.7487	-6.17318	4.65306	2.22358	-0.552039	radar	0.405885	-24.6108	-6.00878	-24.8107	-6.16764	-2.93846	3.79553
1477010461700000	-24.9381	-5.94566	4.81401	2.19198	-0.560669	lidar	2.45215	-25.146	-5.91902	-24.955	-5.97587	-2.83295	3.87484
1477010461750000	-25.0727	-5.73829	4.84875	2.16409	-0.550474	radar	2.01779	-24.8975	-5.02285	-25.094	-5.7802	-2.72537	3.95132
1477010461800000	-25.1993	-5.57959	4.74638	2.14863	-0.534817	lidar	0.306624	-25.1941	-5.64372	-25.2276	-5.58079	-2.61581	4.02492
1477010461850000	-25.3548	-5.39184	4.80918	2.14882	-0.473867	radar	1.17782	-25.5328	-5.4399	-25.3556	-5.37777	-2.50435	4.09557
1477010461900000	-25.5049	-5.15125	4.9215	2.11786	-0.484451	lidar	0.44353	-25.5713	-5.10241	-25.4779	-5.1713	-2.39109	4.16322
1477010461950000	-25.6341	-4.98064	4.88345	2.12315	-0.417134	radar	6.16595	-25.0178	-6.55904	-25.5946	-4.96152	-2.27613	4.22781
1477010462000000	-25.7441	-4.82635	4.7403	2.11346	-0.401579	lidar	0.560766	-25.6952	-4.89995	-25.7055	-4.7486	-2.15956	4.2893
1477010462050000	-25.8654	-4.61977	4.75404	2.09392	-0.397517	radar	0.158998	-25.8162	-4.40681	-25.8105	-4.53268	-2.04149	4.34764
1477010462100000	-25.9852	-4.35697	4.88503	2.0579	-0.418575	lidar	0.639496	-25.9516	-4.26659	-25.9096	-4.31392	-1.92202	4.40279
1477010462150000	-26.0961	-4.13286	4.809	2.00008	-0.526322	radar	10.9084	-26.8953	-4.43966	-26.0027	-4.0925	-1.80125	4.45471
1477010462200000	-26.193	-3.82302	5.01911	1.94802	-0.559187	lidar	1.78273	-26.1198	-3.67723	-26.0897	-3.86856	-1.67928	4.50337
1477010462250000	-26.2718	-3.57769	4.99323	1.8879	-0.644532	radar	2.78209	-26.5652	-3.85723	-26.1706	-3.64227	-1.55623	4.54875
1477010462300000	-26.2958	-3.31554	5.00309	1.83331	-0.667757	lidar	4.95087	-25.9974	-3.24722	-26.2453	-3.41381	-1.4322	4.59081
1477010462350000	-26.3509	-3.06766	5.00556	1.7889	-0.693014	radar	0.15848	-26.2976	-3.01078	-26.3138	-3.18332	-1.30729	4.62954
1477010462400000	-26.3663	-2.85199	4.9025	1.74705	-0.699931	lidar	2.03607	-26.1741	-2.87885	-26.376	-2.95098	-1.18162	4.66493
1477010462450000	-26.4269	-2.63473	4.85736	1.73429	-0.650909	radar	1.67074	-26.4681	-3.44967	-26.4319	-2.71697	-1.05529	4.69696
1477010462500000	-26.4905	-2.52566	4.53809	1.72785	-0.626139	lidar	4.94295	-26.674	-2.73852	-26.4815	-2.48143	-0.928411	4.72562
1477010462550000	-26.5478	-2.29723	4.5716	1.71992	-0.567835	radar	1.34836	-26.657	-1.72382	-26.5247	-2.24456	-0.80109	4.75091
1477010462600000	-26.5931	-2.10992	4.47802	1.69987	-0.55952	lidar	0.583162	-26.6691	-2.17333	-26.5616	-2.0065	-0.673434	4.77284
1477010462650000	-26.6259	-1.88095	4.50458	1.68841	-0.509673	radar	2.37536	-26.3248	-1.32261	-26.5921	-1.76744	-0.545553	4.79141
1477010462700000	-26.6257	-1.61099	4.61271	1.64882	-0.524535	lidar	1.74428	-26.4671	-1.53207	-26.6161	-1.52753	-0.417552	4.80664
1477010462750000	-26.6245	-1.3933	4.5721	1.60313	-0.572012	radar	1.54853	-26.4998	-2.19526	-26.6338	-1.28695	-0.289538	4.81852
1477010462800000	-26.6271	-1.15654	4.5927	1.57219	-0.574451	lidar	0.0526353	-26.5998	-1.14277	-26.6451	-1.04586	-0.161616	4.8271
1477010462850000	-26.6578	-0.941768	4.55917	1.56106	-0.545682	radar	4.74664	-27.2008	-1.67679	-26.65	-0.804425	-0.0338883	4.83238
1477010462900000	-26.6693	-0.665456	4.6912	1.53726	-0.541351	lidar	0.604122	-26.7355	-0.59539	-26.6485	-0.562811	0.0935412	4.83439
1477010462950000	-26.6593	-0.419798	4.73131	1.49497	-0.586137	radar	2.01566	-26.9891	0.0351487	-26.6406	-0.321181	0.220572	4.83317
1477010463000000	-26.6138	-0.0868456	4.98639	1.45414	-0.595966	lidar	2.90814	-26.4553	0.0602653	-26.6264	-0.0796947	0.347104	4.82874
1477010463050000	-26.5975	0.161749	4.99334	1.42687	-0.598453	radar	1.67414	-26.9537	0.136943	-26.6059	0.161489	0.473041	4.82116
1477010463100000	-26.571	0.476596	5.173	1.40209	-0.590943	lidar	0.865012	-26.6201	0.57588	-26.5792	0.402213	0.598287	4.81045
1477010463150000	-26.5608	0.723381	5.12384	1.40162	-0.524981	radar	1.7709	-26.8241	0.381506	-26.5462	0.642323	0.722748	4.79667
1477010463200000	-26.5507	1.00935	5.20892	1.38892	-0.510723	lidar	1.87306	-26.7293	1.06082	-26.5069	0.881666	0.846334	4.77986
1477010463250000	-26.5123	1.29152	5.24749	1.3914	-0.429661	radar	6.74419	-25.9562	2.60409	-26.4616	1.12009	0.968955	4.76007
1477010463300000	-26.4561	1.49869	5.11521	1.36319	-0.437892	lidar	0.604963	-26.3986	1.42212	-26.4101	1.35745	1.09053	4.73737
1477010463350000	-26.417	1.7075	4.99083	1.35039	-0.413406	radar	8.51859	-26.5072	-0.563928	-26.3526	1.59361	1.21096	4.71181
1477010463400000	-26.3643	1.88739	4.82341	1.32523	-0.419752	lidar	0.661308	-26.3594	1.79315	-26.2891	1.82841	1.33018	4.68345
1477010463450000	-26.2971	2.11521	4.82581	1.29212	-0.451231	radar	0.366296	-26.3475	1.82827	-26.2197	2.06173	1.44811	4.65235
1477010463500000	-26.2372	2.2815	4.65204	1.26526	-0.457868	lidar	0.708408	-26.2502	2.18481	-26.1444	2.29342	1.56467	4.61859
1477010463550000	-26.1752	2.49796	4.60982	1.25513	-0.421767	radar	0.586007	-26.069	2.27896	-26.0633	2.52336	1.67979	4.58223
1477010463600000	-26.0954	2.75397	4.70952	1.23567	-0.418247	lidar	0.267699	-26.0641	2.80701	-25.9765	2.75141	1.79339	4.54334
1477010463650000	-26.0024	2.97586	4.77227	1.18403	-0.503347	radar	2.88365	-26.3234	3.02388	-25.8841	2.97746	1.90543	4.502
1477010463700000	-25.8935	3.28813	5.01732	1.16567	-0.4912	lidar	1.5143	-25.8345	3.42005	-25.7861	3.20139	2.01582	4.45828
1477010463750000	-25.8112	3.52395	5.02159	1.14736	-0.485334	radar	1.85842	-26.1824	3.73376	-25.6826	3.42306	2.12452	4.41227
1477010463800000	-25.7057	3.70737	4.90887	1.11436	-0.497154	lidar	0.450654	-25.6666	3.63509	-25.5737	3.64239	2.23146	4.36404
1477010463850000	-25.5919	3.91155	4.87946	1.08223	-0.510542	radar	1.193	-25.5773	3.13316	-25.4596	3.85924	2.3366	4.31367
1477010463900000	-25.5267	4.06607	4.69022	1.06077	-0.511937	lidar	3.06086	-25.7492	3.99968	-25.3402	4.07353	2.43989	4.26125
1477010463950000	-25.4074	4.26013	4.67106	1.03047	-0.519108	radar	0.619922	-25.3516	3.75691	-25.2157	4.28514	2.54127	4.20686
1477010464000000	-25.2413	4.49839	4.80417	0.998132	-0.521353	lidar	2.69032	-25.0214	4.52803	-25.0863	4.49399	2.64071	4.15058
1477010464050000	-25.094	4.69027	4.73736	0.978609	-0.483591	radar	9.53408	-24.2719	4.30917	-24.9518	4.69998	2.73817	4.09251
1477010464100000	-24.9746	4.88269	4.71554	0.95722	-0.481478	lidar	0.202956	-25.0363	4.88499	-24.8126	4.90303	2.83361	4.03273
1477010464150000	-24.8207	5.07122	4.71903	0.927537	-0.484301	radar	2.59046	-24.3609	4.95947	-24.6686	5.10304	2.92701	3.97132
1477010464200000	-24.6458	5.30515	4.85936	0.905719	-0.476308	lidar	1.30217	-24.5041	5.35293	-24.5201	5.29995	3.01833	3.90839
1477010464250000	-24.4752	5.48649	4.92214	0.858895	-0.52964	radar	0.829156	-24.4379	5.24592	-24.367	5.49367	3.10754	3.84401
1477010464300000	-24.2846	5.65979	4.92882	0.819718	-0.542764	lidar	1.62352	-24.1159	5.61152	-24.2095	5.68414	3.19464	3.77827
1477010464350000	-24.1229	5.81752	4.90302	0.781356	-0.569537	radar	2.9244	-24.5638	4.75836	-24.0477	5.8713	3.27959	3.71127
1477010464400000	-23.9463	5.97423	4.87273	0.746734	-0.577455	lidar	0.109994	-23.9153	5.94377	-23.8818	6.05508	3.36239	3.64309
1477010464450000	-23.8067	6.15063	4.64405	0.762725	-0.463776	radar	4.63128	-23.5491	6.44495	-23.7117	6.23542	3.44302	3.57383
1477010464500000	-23.642	6.30298	4.6238	0.737212	-0.467312	lidar	0.0124944	-23.6471	6.29102	-23.5377	6.41227	3.52148	3.50357
1477010464550000	-23.4961	6.46513	4.54412	0.731859	-0.4291	radar	1.24567	-23.7544	6.53746	-23.3598	6.58559	3.59775	3.4324
1477010464600000	-23.2567	6.73096	4.86959	0.736766	-0.384154	lidar	4.90978	-23.0099	6.86182	-23.1781	6.75533	3.67185	3.36041
1477010464650000	-23.0634	6.86731	4.81853	0.706909	-0.391188	radar	5.77388	-22.7862	5.74143	-22.9928	6.92146	3.74376	3.28768
1477010464700000	-22.8459	7.05127	4.92418	0.68997	-0.383591	lidar	1.20591	-22.6991	7.063	-22.804	7.08393	3.8135	3.21431
1477010464750000	-22.633	7.18945	4.97603	0.649077	-0.42576	radar	1.87884	-22.418	6.76159	-22.6117	7.24273	3.88106	3.14038
1477010464800000	-22.4504	7.32531	4.92438	0.62515	-0.430917	lidar	0.19863	-22.5083	7.31524	-22.4161	7.39782	3.94647	3.06598
1477010464850000	-22.2166	7.46706	5.11462	0.574663	-0.503184	radar	2.23062	-22.0543	7.85452	-22.2173	7.54917	4.00974	2.99118
1477010464900000	-22.0312	7.62518	5.10155	0.562564	-0.489669	lidar	1.66946	-22.1947	7.69478	-22.0154	7.69679	4.07087	2.91607
1477010464950000	-21.8448	7.80591	4.99409	0.581249	-0.399971	radar	5.54888	-21.6178	9.0351	-21.8105	7.84064	4.12989	2.84074
1477010465000000	-21.6389	7.94121	4.98683	0.560767	-0.400872	lidar	0.00408168	-21.6473	7.94	-21.6026	7.98072	4.18681	2.76526
1477010465050000	-21.4502	8.07275	4.91668	0.54846	-0.384838	radar	1.44329	-21.8637	7.78661	-21.392	8.11703	4.24166	2.68971
1477010465100000	-21.242	8.07591	4.70497	0.476342	-0.453309	lidar	5.07989	-21.0853	7.83229	-21.1787	8.24957	4.29447	2.61417
1477010465150000	-21.0534	8.21926	4.55572	0.491375	-0.369826	radar	5.26113	-20.5503	9.28616	-20.9628	8.37833	4.34526	2.53871
1477010465200000	-20.8758	8.3776	4.59444	0.498676	-0.338532	lidar	2.63016	-21.0519	8.50983	-20.7444	8.50333	4.39406	2.46341
1477010465250000	-20.6292	8.49693	4.81338	0.462748	-0.388316	radar	5.13423	-19.9265	9.40847	-20.5237	8.62457	4.4409	2.38835
1477010465300000	-20.3674	8.65323	4.97129	0.459343	-0.362158	lidar	1.56502	-20.21	8.68914	-20.3006	8.74206	4.48582	2.31358
1477010465350000	-20.17	8.78354	4.83484	0.471129	-0.295131	radar	1.3272	-20.2277	8.8532	-20.0753	8.85583	4.52884	2.23919
1477010465400000	-19.979	8.87429	4.7626	0.450335	-0.305464	lidar	0.412574	-20.0633	8.86724	-19.848	8.96589	4.57001	2.16524
1477010465450000	-19.7839	8.98325	4.65679	0.450476	-0.268425	radar	0.692955	-19.9264	8.78179	-19.6186	9.07227	4.60937	2.09179
1477010465500000	-19.5682	9.05077	4.61953	0.420359	-0.28898	lidar	0.766729	-19.4861	8.96665	-19.3873	9.17499	4.64694	2.01891
1477010465550000	-19.3212	9.16674	4.79333	0.402714	-0.305876	radar	4.93593	-18.5719	10.2069	-19.1542	9.27409	4.68278	1.94666
1477010465600000	-19.0215	9.277	4.96743	0.38679	-0.298472	lidar	6.70423	-18.6786	9.19191	-18.9193	9.36959	4.71692	1.8751
1477010465650000	-18.8064	9.35851	4.94278	0.364459	-0.314532	radar	1.60298	-19.2825	8.98189	-18.6827	9.46154	4.7494	1.80429
1477010465700000	-18.5422	9.4698	5.03919	0.356571	-0.301037	lidar	0.795994	-18.4242	9.46852	-18.4446	9.54996	4.78028	1.73429
1477010465750000	-18.2734	9.50773	5.18586	0.294882	-0.392855	radar	5.44668	-18.1634	8.72444	-18.2049	9.63492	4.80959	1.66514
1477010465800000	-17.9572	9.65945	5.41923	0.306334	-0.346295	lidar	2.46805	-17.7736	9.72478	-17.9639	9.71643	4.83737	1.59691
1477010465850000	-17.7032	9.77062	5.30694	0.321651	-0.270517	radar	3.07372	-17.2296	9.97767	-17.7214	9.79457	4.86368	1.52964
1477010465900000	-17.4256	9.87573	5.38536	0.316369	-0.257333	lidar	0.401794	-17.3436	9.88109	-17.4777	9.86936	4.88856	1.46338
1477010465950000	-17.1689	9.9663	5.40964	0.304565	-0.25944	radar	0.296477	-17.1554	10.212	-17.2328	9.94087	4.91205	1.39818
1477010466000000	-16.8955	10.0842	5.48638	0.307317	-0.238411	lidar	0.270959	-16.8876	10.145	-16.9868	10.0091	4.93421	1.33408
1477010466050000	-16.6321	10.1641	5.49222	0.293041	-0.242459	radar	0.0481059	-16.5958	10.1078	-16.7396	10.0743	4.95507	1.27113
1477010466100000	-16.3957	10.2498	5.44604	0.284399	-0.240869	lidar	0.945655	-16.5153	10.3091	-16.4915	10.1362	4.97469	1.20937
1477010466150000	-16.1299	10.3307	5.49114	0.269909	-0.251483	radar	0.359551	-16.09	10.5824	-16.2424	10.1952	4.99311	1.14883
1477010466200000	-15.9237	10.3146	5.26609	0.219769	-0.303285	lidar	1.78602	-16.006	10.1843	-15.9924	10.2511	5.01039	1.08956
1477010466250000	-15.6767	10.3795	5.20761	0.213352	-0.282708	radar	0.19976	-15.7234	10.41	-15.7416	10.3041	5.02655	1.03159
1477010466300000	-15.486	10.338	4.9731	0.156626	-0.342874	lidar	2.15337	-15.5699	10.1904	-15.4899	10.3543	5.04166	0.974957
1477010466350000	-15.1744	10.3832	5.28631	0.126029	-0.384687	radar	7.62246	-14.2385	10.9109	-15.2376	10.4016	5.05576	0.919692
1477010466400000	-14.9121	10.432	5.30105	0.113779	-0.375533	lidar	0.124485	-14.9365	10.4722	-14.9846	10.4462	5.06889	0.865828
1477010466450000	-14.6804	10.4568	5.01931	0.114275	-0.311188	radar	6.63221	-14.724	9.63507	-14.7309	10.4882	5.0811	0.813394
1477010466500000	-14.4567	10.4052	4.9001	0.0597399	-0.364469	lidar	2.19798	-14.4088	10.222	-14.4766	10.5276	5.09243	0.762418
1477010466550000	-14.2002	10.425	4.92432	0.0448823	-0.357696	radar	0.63437	-13.9005	10.5238	-14.2218	10.5645	5.10293	0.712926
1477010466600000	-13.8598	10.6096	5.24316	0.116957	-0.229573	lidar	7.69566	-13.8049	10.9383	-13.9665	10.5989	5.11263	0.664944
1477010466650000	-13.6025	10.6733	5.13947	0.137933	-0.158711	radar	1.41528	-13.3956	10.7857	-13.7107	10.631	5.12159	0.618496
1477010466700000	-13.3687	10.6602	5.05846	0.105295	-0.191957	lidar	0.75563	-13.3556	10.5517	-13.4545	10.6608	5.12983	0.573603
1477010466750000	-13.1049	10.6843	5.13089	0.0892347	-0.209223	radar	0.361175	-12.9374	10.8137	-13.1979	10.6884	5.13741	0.530288
1477010466800000	-12.8422	10.7858	5.20621	0.11657	-0.161313	lidar	3.57602	-12.9591	11.0099	-12.9409	10.7138	5.14436	0.48857
1477010466850000	-12.5712	10.8412	5.23373	0.124037	-0.135454	radar	1.18467	-12.2518	11.2495	-12.6836	10.7373	5.15071	0.448467
1477010466900000	-12.3593	10.7887	5.06123	0.0746537	-0.191727	lidar	2.14765	-12.3713	10.6091	-12.426	10.7587	5.15651	0.409997
1477010466950000	-12.105	10.822	5.02735	0.0778123	-0.164544	radar	0.378666	-11.9352	10.9161	-12.1681	10.7783	5.16179	0.373177
1477010467000000	-11.854	10.8919	5.06551	0.0929228	-0.135867	lidar	1.84984	-11.9451	11.0515	-11.91	10.7961	5.16658	0.338022
1477010467050000	-11.5708	10.9164	5.1599	0.0852012	-0.139912	radar	2.85151	-10.9703	10.9676	-11.6516	10.8121	5.17092	0.304546
1477010467100000	-11.3526	10.9226	5.06095	0.068264	-0.15532	lidar	0.639732	-11.4548	10.9407	-11.393	10.8265	5.17484	0.272761
1477010467150000	-11.0853	10.8602	5.33336	-0.0159245	-0.322777	radar	8.27546	-11.3472	10.5111	-11.1342	10.8394	5.17836	0.242681
1477010467200000	-10.7782	10.8347	5.41414	-0.0389511	-0.327192	lidar	2.90165	-10.6009	10.6823	-10.8753	10.8509	5.18153	0.214317
1477010467250000	-10.5234	10.8354	5.3164	-0.0439654	-0.299747	radar	0.481971	-10.6563	10.8369	-10.6161	10.8609	5.18435	0.187679
1477010467300000	-10.2972	10.8193	5.22518	-0.0650273	-0.311311	lidar	0.935316	-10.4142	10.8747	-10.3569	10.8697	5.18687	0.162776
1477010467350000	-10.0567	10.8689	4.93862	-0.0224217	-0.182838	radar	6.27218	-9.90413	11.2255	-10.0976	10.8772	5.1891	0.139618
1477010467400000	-9.78901	10.9244	5.016	-0.00146418	-0.143632	lidar	1.95042	-9.83445	11.1032	-9.83809	10.8837	5.19106	0.118212
1477010467450000	-9.57713	10.8905	4.91565	-0.0295243	-0.174773	radar	3.78564	-10.195	10.3498	-9.57852	10.8891	5.19278	0.0985664
1477010467500000	-9.30712	10.9251	4.99287	-0.0167545	-0.146543	lidar	0.735717	-9.3066	11.0348	-9.31887	10.8936	5.19428	0.0806865
1477010467550000	-9.07357	10.8966	4.9219	-0.0341717	-0.154404	radar	2.48528	-9.2226	10.3527	-9.05915	10.8972	5.19557	0.0645787
1477010467600000	-8.79582	10.938	5.02087	-0.0159531	-0.120554	lidar	1.08431	-8.78899	11.0707	-8.79937	10.9001	5.19667	0.050248
1477010467650000	-8.57164	10.8854	4.93835	-0.0481955	-0.155712	radar	6.3456	-8.83914	10.0319	-8.53953	10.9023	5.19759	0.0376992
1477010467700000	-8.44001	10.7902	4.62476	-0.106852	-0.225672	lidar	3.64188	-8.62045	10.6577	-8.27965	10.9039	5.19835	0.0269359
1477010467750000	-8.1978	10.7954	4.6029	-0.0961463	-0.184847	radar	1.51123	-7.91543	11.1157	-8.01974	10.905	5.19896	0.0179617
1477010467800000	-7.80565	10.8745	5.02098	-0.0367512	-0.0861087	lidar	6.97833	-7.51971	11.0005	-7.75979	10.9057	5.19942	0.0107791
1477010467850000	-7.54055	10.8758	5.00042	-0.0236501	-0.0439984	radar	1.8281	-7.25987	10.6458	-7.49981	10.9061	5.19975	0.00539029
1477010467900000	-7.25449	10.8721	5.08905	-0.0207719	-0.035145	lidar	0.728837	-7.15631	10.815	-7.23983	10.9063	5.19994	0.00179692
1477010467950000	-7.02273	10.9002	4.9551	0.00804094	0.0334254	radar	2.62041	-7.39396	11.0181	-6.97983	10.9064	5.2	-7.84874e-15
